block 1:
(2, 468) (15, 501) (10, 725) (39, 359) (3, 465) (26, 146) (2, 828) 
next address = 2 
block 2:
(2, 492) (36, 943) (28, 437) (32, 605) (23, 154) (13, 383) (22, 717) 
next address = 3 
block 3:
(39, 896) (8, 727) (12, 539) (30, 913) (28, 300) (36, 895) (24, 812) 
next address = 4 
block 4:
(3, 334) (34, 665) (22, 712) (14, 869) (28, 645) (23, 758) (38, 860) 
next address = 5 
block 5:
(4, 742) (10, 779) (37, 36) (31, 843) (9, 107) (1, 943) (25, 649) 
next address = 6 
block 6:
(7, 806) (11, 730) (11, 351) (7, 102) (34, 549) (30, 624) (5, 955) 
next address = 7 
block 7:
(37, 841) (7, 377) (12, 309) (25, 440) (27, 324) (18, 539) (39, 83) 
next address = 8 
block 8:
(10, 542) (34, 116) (40, 659) (25, 931) (18, 307) (34, 387) (22, 746) 
next address = 9 
block 9:
(5, 73) (31, 830) (18, 574) (18, 513) (27, 291) (2, 637) (36, 768) 
next address = 10 
block 10:
(16, 575) (32, 53) (31, 151) (22, 725) (7, 431) (28, 192) (8, 338) 
next address = 11 
block 11:
(18, 288) (34, 384) (26, 910) (10, 759) (22, 589) (23, 947) (27, 31) 
next address = 12 
block 12:
(14, 169) (21, 592) (3, 656) (11, 360) (25, 538) (29, 484) (36, 42) 
next address = 13 
block 13:
(3, 351) (12, 837) (15, 21) (37, 22) (29, 200) (29, 485) (2, 735) 
next address = 14 
block 14:
(14, 1000) (19, 939) (21, 789) (8, 468) (9, 894) (9, 484) (8, 422) 
next address = 15 
block 15:
(31, 618) (14, 515) (30, 617) (16, 452) (1, 250) (40, 557) (39, 304) 
next address = 16 
block 16:
(25, 9) (5, 610) (30, 703) (36, 486) (14, 344) (4, 588) (35, 504) 
next address = 17 
block 17:
(28, 201) (38, 619) (20, 797) (58, 282) (49, 799) (69, 158) (32, 623) 
next address = 18 
block 18:
(78, 293) (58, 180) (30, 624) (58, 192) (35, 889) (36, 895) (22, 635) 
next address = 19 
block 19:
(52, 56) (68, 647) (42, 887) (55, 434) (69, 143) (44, 417) (61, 999) 
next address = 20 
block 20:
(22, 712) (21, 700) (37, 477) (72, 390) (55, 713) (40, 557) (23, 758) 
next address = 21 
block 21:
(61, 689) (41, 790) (35, 424) (42, 586) (22, 286) (48, 427) (77, 758) 
next address = 22 
block 22:
(72, 933) (49, 155) (61, 190) (76, 330) (48, 693) (25, 440) (34, 665) 
next address = 23 
block 23:
(21, 513) (45, 61) (78, 754) (79, 424) (39, 997) (27, 530) (69, 438) 
next address = 24 
block 24:
(26, 950) (33, 196) (77, 417) (46, 106) (28, 283) (55, 735) (74, 702) 
next address = 25 
block 25:
(76, 672) (46, 264) (73, 356) (65, 54) (32, 809) (52, 946) (73, 757) 
next address = 26 
block 26:
(21, 559) (26, 983) (21, 145) (56, 223) (69, 162) (35, 451) (33, 467) 
next address = 27 
block 27:
(64, 660) (32, 440) (53, 25) (74, 511) (25, 650) (66, 314) (54, 23) 
next address = 28 
block 28:
(28, 19) (27, 906) (38, 392) (22, 626) (37, 415) (34, 825) (74, 875) 
next address = 29 
block 29:
(32, 160) (33, 71) (67, 298) (38, 178) (33, 271) (43, 669) (52, 986) 
next address = 30 
block 30:
(62, 481) (73, 628) (22, 100) (67, 626) (63, 925) (63, 973) (61, 182) 
next address = 31 
block 31:
(63, 433) (65, 594) (65, 32) (52, 143) (22, 287) (64, 901) (67, 361) 
next address = 32 
block 32:
(53, 975) (70, 171) (75, 834) (51, 761) (76, 668) (45, 551) (40, 695) 
next address = 33 
block 33:
(75, 625) (79, 126) (76, 695) (58, 303) (51, 467) (78, 594) (51, 485) 
next address = 34 
block 34:
(78, 465) (79, 153) (60, 88) (60, 927) (30, 703) (30, 617) (56, 228) 
next address = 35 
block 35:
(63, 759) (44, 110) (42, 87) (65, 488) (77, 475) (65, 628) (69, 929) 
next address = 36 
block 36:
(63, 521) (22, 963) (23, 597) (37, 262) (75, 526) (24, 261) (42, 117) 
next address = 37 
block 37:
(70, 327) (51, 772) (71, 548) (53, 521) (50, 925) (28, 764) (40, 852) 
next address = 38 
block 38:
(22, 830) (20, 714) (78, 579) (45, 8) (37, 201) (38, 440) (43, 761) 
next address = 39 
block 39:
(57, 325) (77, 109) (73, 888) (21, 851) (20, 429) (53, 385) (45, 541) 
next address = 40 
block 40:
(51, 705) (75, 357) (32, 351) (63, 486) (56, 217) (26, 358) (26, 999) 
next address = 41 
block 41:
(77, 272) (69, 362) (76, 23) (57, 113) (77, 697) (25, 42) (23, 130) 
next address = 42 
block 42:
(69, 566) (39, 933) (56, 856) (73, 963) (64, 735) (74, 973) (57, 370) 
next address = 43 
block 43:
(52, 964) (47, 484) (31, 636) (67, 849) (75, 939) (23, 143) (74, 512) 
next address = 44 
block 44:
(21, 176) (59, 826) (61, 871) (26, 935) (45, 784) (50, 399) (39, 702) 
next address = 45 
block 45:
(33, 735) (37, 535) (56, 994) (56, 706) (22, 549) (61, 301) (33, 642) 
next address = 46 
block 46:
(75, 856) (22, 463) (31, 878) (44, 679) (32, 444) (56, 674) (40, 314) 
next address = 47 
block 47:
(55, 73) (58, 611) (77, 933) (52, 696) (49, 832) (20, 489) (25, 91) 
next address = 48 
block 48:
(77, 590) (30, 146) (53, 315) (71, 741) (44, 259) (55, 760) (52, 606) 